[gd_scene load_steps=12 format=2]

[ext_resource path="res://scenes/Godette.tscn" type="PackedScene" id=1]

[sub_resource type="SpatialMaterial" id=1]
albedo_color = Color( 0.858824, 0.584314, 0.898039, 1 )

[sub_resource type="CubeMesh" id=2]
material = SubResource( 1 )
size = Vector3( 22, 1, 22 )

[sub_resource type="CubeMesh" id=3]
size = Vector3( 1, 3, 1 )

[sub_resource type="SpatialMaterial" id=4]
params_diffuse_mode = 4
params_specular_mode = 3
albedo_color = Color( 0.47451, 0.752941, 0.564706, 1 )

[sub_resource type="SpatialMaterial" id=5]
params_diffuse_mode = 4
params_specular_mode = 3
albedo_color = Color( 0.509804, 0.490196, 0.698039, 1 )

[sub_resource type="CubeMesh" id=6]
material = SubResource( 5 )
size = Vector3( 3, 1, 3 )

[sub_resource type="Shader" id=7]
code = "shader_type canvas_item;
render_mode blend_mix;

uniform float width : hint_range(0.001, 0.006) = 0.005;
uniform vec4 outline_color : hint_color;

void fragment()
{
    vec4 tcol = texture(TEXTURE, UV);
    if ((texture(TEXTURE, UV + vec2(0.0,          width)).g  >=0.99 ||
            texture(TEXTURE, UV + vec2(0.0,         -width)).g  >0.99 ||
            texture(TEXTURE, UV + vec2(width,  0.0)).g          >0.99 ||
            texture(TEXTURE, UV + vec2(-width, 0.0)).g          >0.99 )
			&&
			(texture(TEXTURE, UV + vec2(0.0,          width)).g  <0.99 ||
            texture(TEXTURE, UV + vec2(0.0,         -width)).g  <0.99 ||
            texture(TEXTURE, UV + vec2(width,  0.0)).g          <0.99 ||
            texture(TEXTURE, UV + vec2(-width, 0.0)).g          <0.99 
			)){
            tcol = outline_color;
			}
			else{
				tcol = vec4(0.0);
			}
			COLOR = tcol;
}"
custom_defines = ""

[sub_resource type="ShaderMaterial" id=8]
shader = SubResource( 7 )
shader_param/width = 0.004
shader_param/outline_color = Color( 0.239216, 0.788235, 0.301961, 1 )

[sub_resource type="Environment" id=9]
background_mode = 1
background_color = Color( 0, 1, 0, 1 )
background_energy = 0.0
ambient_light_energy = 0.0
ambient_light_sky_contribution = 0.0
glow_intensity = 0.0

[sub_resource type="Environment" id=10]
background_mode = 1
background_color = Color( 0.54902, 0.721569, 0.654902, 1 )
background_energy = 2.42

[node name="Main" type="Spatial"]

[node name="Floor" type="MeshInstance" parent="."]
mesh = SubResource( 2 )
material/0 = null

[node name="MeshInstance" type="MeshInstance" parent="Floor"]
transform = Transform( 1, 0, 0, 0, 1, 0, 0, 0, 1, 2.97179, 1.08277, -3.9723 )
mesh = SubResource( 3 )
material/0 = SubResource( 4 )

[node name="MeshInstance2" type="MeshInstance" parent="Floor"]
transform = Transform( 1, 0, 0, 0, 1, 0, 0, 0, 1, -3.30559, 1.08277, -2.14008 )
mesh = SubResource( 6 )
material/0 = null

[node name="MeshInstance3" type="MeshInstance" parent="Floor"]
transform = Transform( -0.933912, 0, 0.357504, 0, 1, 0, -0.357504, 0, -0.933912, -3.42567, 1.08277, 3.14364 )
mesh = SubResource( 3 )
material/0 = SubResource( 4 )

[node name="MeshInstance4" type="MeshInstance" parent="Floor"]
transform = Transform( -0.933912, 0, 0.357504, 0, 1, 0, -0.357504, 0, -0.933912, 3.09187, 1.08277, 3.67669 )
mesh = SubResource( 6 )
material/0 = null

[node name="godot chan" parent="." instance=ExtResource( 1 )]
transform = Transform( 1, 0, 0, 0, 1, 0, 0, 0, 1, 0, 0.673269, 0 )

[node name="Skeleton" parent="godot chan/Armature" index="0"]
bones/3/bound_children = [ NodePath("BoneAttachment 3") ]
bones/4/bound_children = [ NodePath("BoneAttachment 2") ]
bones/5/bound_children = [ NodePath("BoneAttachment") ]
bones/44/bound_children = [ NodePath("BoneAttachment 4"), NodePath("BoneAttachment 5") ]

[node name="BoneAttachment" parent="godot chan/Armature/Skeleton" index="0"]
transform = Transform( 1, 3.08589e-11, -2.63327e-11, -2.64038e-11, 0.989499, 0.144541, 3.02975e-11, -0.144541, 0.989499, 1.30082e-09, 2.82857, 0.0597793 )

[node name="head" parent="godot chan/Armature/Skeleton/BoneAttachment" index="0"]
layers = 524289

[node name="ear" parent="godot chan/Armature/Skeleton/BoneAttachment/head" index="0"]
layers = 524289

[node name="earpiece" parent="godot chan/Armature/Skeleton/BoneAttachment/head/ear" index="0"]
layers = 524289

[node name="eyelashes" parent="godot chan/Armature/Skeleton/BoneAttachment/head" index="1"]
layers = 524289

[node name="eyes" parent="godot chan/Armature/Skeleton/BoneAttachment/head" index="2"]
layers = 524289

[node name="hair" parent="godot chan/Armature/Skeleton/BoneAttachment/head" index="3"]
layers = 524289

[node name="Sphere001" parent="godot chan/Armature/Skeleton/BoneAttachment/head/hair" index="0"]
layers = 524289

[node name="Sphere002" parent="godot chan/Armature/Skeleton/BoneAttachment/head/hair" index="1"]
layers = 524289

[node name="mouth" parent="godot chan/Armature/Skeleton/BoneAttachment/head" index="4"]
layers = 524289

[node name="those things" parent="godot chan/Armature/Skeleton/BoneAttachment/head" index="5"]
layers = 524289

[node name="BoneAttachment 2" parent="godot chan/Armature/Skeleton" index="1"]
transform = Transform( 1, -1.79014e-10, -2.38195e-07, -5.22126e-08, 0.975514, -0.219936, 2.32401e-07, 0.219936, 0.975514, 1.33494e-09, 2.64255, 0.01784 )

[node name="Cylinder002" parent="godot chan/Armature/Skeleton/BoneAttachment 2" index="0"]
layers = 524289

[node name="BoneAttachment 3" parent="godot chan/Armature/Skeleton" index="2"]
transform = Transform( 1, 1.15339e-08, 2.28827e-07, -5.30596e-08, 0.983239, 0.182318, -2.22889e-07, -0.182318, 0.983239, -4.41362e-09, 2.1525, 0.108709 )

[node name="Plane" parent="godot chan/Armature/Skeleton/BoneAttachment 3" index="0"]
layers = 524289

[node name="2000px-Godot_iconsvg" parent="godot chan/Armature/Skeleton/BoneAttachment 3/Plane" index="0"]
layers = 524289

[node name="BoneAttachment 4" parent="godot chan/Armature/Skeleton" index="3"]
transform = Transform( 1, 0, 2.38418e-07, -6.53058e-08, -0.961755, 0.273912, 2.293e-07, -0.273912, -0.961755, 1.33457e-09, 1.80415, 0.124626 )

[node name="buttons" parent="godot chan/Armature/Skeleton/BoneAttachment 4" index="0"]
layers = 524289

[node name="BoneAttachment 5" parent="godot chan/Armature/Skeleton" index="4"]
transform = Transform( 1, 0, 2.38418e-07, -6.53058e-08, -0.961755, 0.273912, 2.293e-07, -0.273912, -0.961755, 1.33457e-09, 1.80415, 0.124626 )

[node name="buttons001" parent="godot chan/Armature/Skeleton/BoneAttachment 5" index="0"]
layers = 524289

[node name="arms" parent="godot chan/Armature/Skeleton" index="5"]
layers = 524289

[node name="backpack" parent="godot chan/Armature/Skeleton" index="6"]
layers = 524289

[node name="body" parent="godot chan/Armature/Skeleton" index="7"]
layers = 524289

[node name="boots" parent="godot chan/Armature/Skeleton" index="8"]
layers = 524289

[node name="Cube" parent="godot chan/Armature/Skeleton" index="9"]
layers = 524289

[node name="eyebrows" parent="godot chan/Armature/Skeleton" index="10"]
layers = 524289

[node name="hands" parent="godot chan/Armature/Skeleton" index="11"]
layers = 524289

[node name="legs" parent="godot chan/Armature/Skeleton" index="12"]
layers = 524289

[node name="sleves" parent="godot chan/Armature/Skeleton" index="13"]
layers = 524289

[node name="DirectionalLight" type="DirectionalLight" parent="."]
transform = Transform( 0.725062, 0.608888, -0.321778, 0, 0.467236, 0.884133, 0.688684, -0.641051, 0.338775, -4.57215, 8.25864, 1.60328 )
light_energy = 0.3
shadow_enabled = true
shadow_color = Color( 0.494118, 0.717647, 0.741176, 1 )

[node name="Camera" type="Camera" parent="."]
transform = Transform( 0.937075, -0.162403, 0.309056, 0, 0.885223, 0.465167, -0.349128, -0.435896, 0.82952, 2.642, 5.777, 6.313 )
current = true

[node name="Label" type="Label" parent="."]
anchor_left = 0.5
anchor_right = 0.5
margin_left = -251.0
margin_right = 251.0
margin_bottom = 28.0
custom_colors/font_color = Color( 1, 1, 1, 1 )
custom_colors/font_outline_modulate = Color( 0, 0, 0, 1 )
custom_colors/font_color_shadow = Color( 0, 0, 0, 1 )
text = "Notice how the camera in the OutlineViewport only renders the last cull mask!"
valign = 1
__meta__ = {
"_edit_use_anchors_": false
}

[node name="ViewportContainer" type="ViewportContainer" parent="."]
material = SubResource( 8 )
anchor_right = 1.0
anchor_bottom = 1.0
stretch = true
__meta__ = {
"_edit_use_anchors_": false
}

[node name="OutlineViewport" type="Viewport" parent="ViewportContainer"]
size = Vector2( 1024, 600 )
handle_input_locally = false
render_target_update_mode = 3

[node name="Camera2" type="Camera" parent="ViewportContainer/OutlineViewport"]
transform = Transform( 0.937075, -0.162403, 0.309056, 0, 0.885223, 0.465167, -0.349128, -0.435896, 0.82952, 2.642, 5.777, 6.313 )
cull_mask = 524288
environment = SubResource( 9 )

[node name="WorldEnvironment" type="WorldEnvironment" parent="."]
environment = SubResource( 10 )

[editable path="godot chan"]
